MISSION CANYON ON WILLIAMS WAY

p_30912.0	3.078	0.031	0.192	0.191	38.251	0.388	99.958	1.000	65.000	0.187	10.350	0.232	3.007	0.053	0.419
p_280.0	3.435	0.034	0.376	0.376	38.190	0.387	99.958	1.000	72.000	0.207	10.830	0.242	3.007	0.053	0.419
p_37715.0	3.718	0.037	0.557	0.555	38.125	0.387	99.958	1.000	76.000	0.219	7.570	0.169	3.007	0.053	0.418
p_36452.0	3.974	0.040	0.486	0.487	37.832	0.384	99.958	1.000	85.000	0.245	5.710	0.128	3.007	0.053	0.416
p_35111.0	2.755	0.028	0.400	0.401	37.592	0.381	99.890	0.999	62.000	0.179	10.730	0.240	3.007	0.053	0.413
p_32042.0	3.275	0.033	0.310	0.309	37.353	0.379	99.955	1.000	76.000	0.219	11.480	0.257	3.007	0.053	0.411
p_358.0	3.078	0.031	0.227	0.229	37.363	0.379	99.964	1.000	73.000	0.210	11.220	0.251	3.007	0.053	0.411
p_32072.0	3.484	0.035	0.341	0.342	37.315	0.378	99.958	1.000	84.000	0.242	5.020	0.112	3.007	0.053	0.411
p_33256.0	3.811	0.038	0.094	0.095	37.125	0.377	99.958	1.000	94.000	0.271	6.600	0.147	3.007	0.053	0.409
p_36001.0	2.432	0.024	0.145	0.147	36.983	0.375	99.726	0.997	60.500	0.174	11.970	0.268	3.007	0.053	0.407
p_32079.0	4.480	0.045	0.000	0.000	36.813	0.373	99.958	1.000	94.000	0.271	9.090	0.203	3.007	0.053	0.407
p_32540.0	4.534	0.045	0.000	0.000	36.486	0.370	99.958	1.000	104.000	0.300	7.070	0.158	3.007	0.053	0.404
p_40166.0	5.022	0.050	0.075	0.073	36.180	0.367	99.958	1.000	112.000	0.323	7.430	0.166	3.007	0.053	0.401
p_32559.0	2.672	0.027	0.259	0.258	36.075	0.366	99.744	0.997	70.000	0.202	10.180	0.228	3.007	0.053	0.399
p_34882.0	3.372	0.034	0.016	0.016	35.959	0.365	99.885	0.999	93.000	0.268	6.270	0.140	3.007	0.053	0.398
p_32439.0	3.646	0.036	0.000	0.001	35.921	0.364	99.903	0.999	98.000	0.282	4.910	0.110	3.007	0.053	0.398
p_33567.0	5.541	0.055	0.380	0.381	35.765	0.363	99.958	1.000	112.000	0.323	8.710	0.195	3.007	0.053	0.397
p_32541.0	2.965	0.030	0.000	0.000	35.780	0.363	99.773	0.998	77.500	0.223	8.440	0.189	3.007	0.053	0.396
p_32916.0	4.271	0.043	0.000	0.000	35.488	0.360	99.957	1.000	102.000	0.294	6.890	0.154	3.007	0.053	0.394
p_33541.0	6.185	0.062	0.016	0.015	35.228	0.357	99.958	1.000	114.000	0.329	9.740	0.218	3.007	0.053	0.392
p_34935.0	4.715	0.047	0.514	0.514	35.246	0.357	99.953	1.000	111.000	0.320	7.460	0.167	3.007	0.053	0.392
p_40165.0	8.606	0.086	0.000	0.000	35.205	0.357	99.988	1.000	99.000	0.285	7.490	0.167	3.262	0.057	0.392
p_719.0	6.753	0.068	0.000	0.000	35.012	0.355	99.958	1.000	116.000	0.334	12.320	0.276	3.262	0.057	0.391
p_34934.0	9.145	0.091	0.000	0.000	35.058	0.356	99.999	1.000	97.000	0.280	7.410	0.166	3.262	0.057	0.390
p_39493.0	7.284	0.073	0.000	0.000	34.893	0.354	99.967	1.000	113.000	0.326	12.560	0.281	3.262	0.057	0.389
p_35761.0	5.186	0.052	0.302	0.304	34.873	0.354	99.995	1.000	111.000	0.320	8.860	0.198	3.007	0.053	0.389
p_32455.0	5.625	0.056	0.000	0.000	34.611	0.351	100.000	1.000	114.000	0.329	11.620	0.260	3.007	0.053	0.387
p_32041.0	4.198	0.042	0.075	0.075	34.623	0.351	99.880	0.999	106.000	0.305	8.680	0.194	3.007	0.053	0.386
p_334.0	9.349	0.093	0.000	0.000	34.641	0.351	99.987	1.000	93.000	0.268	6.850	0.153	3.262	0.057	0.386
p_32915.0	7.837	0.078	0.000	0.000	34.460	0.349	99.983	1.000	113.000	0.326	13.460	0.301	3.262	0.057	0.385
p_39668.0	6.340	0.063	0.000	0.000	34.304	0.348	100.000	1.000	118.000	0.340	13.500	0.302	3.007	0.053	0.384
p_34881.0	4.627	0.046	0.212	0.212	34.324	0.348	99.879	0.999	112.000	0.323	9.280	0.208	3.007	0.053	0.384
p_32478.0	8.256	0.083	0.000	0.000	34.206	0.347	100.000	1.000	107.500	0.310	12.980	0.291	3.262	0.057	0.383
p_39675.0	5.175	0.052	0.000	0.002	33.895	0.344	99.913	0.999	119.000	0.343	9.580	0.214	3.007	0.053	0.380
p_31532.0	9.694	0.097	0.000	0.000	33.895	0.344	99.939	0.999	85.000	0.245	8.090	0.181	3.262	0.057	0.379
p_32454.0	6.950	0.070	0.000	0.000	33.665	0.341	100.000	1.000	114.000	0.329	15.250	0.342	3.262	0.057	0.378
p_33081.0	8.752	0.088	0.000	0.000	33.632	0.341	100.000	1.000	99.000	0.285	11.100	0.248	3.262	0.057	0.377
p_35077.0	6.277	0.063	0.000	0.000	33.488	0.340	99.988	1.000	126.000	0.363	11.420	0.256	3.262	0.057	0.377
p_32046.0	10.009	0.100	0.000	0.000	33.631	0.341	99.841	0.998	88.000	0.254	9.770	0.219	3.262	0.057	0.376
p_33568.0	5.678	0.057	0.000	0.000	33.248	0.337	99.929	0.999	125.000	0.360	11.270	0.252	3.007	0.053	0.374
p_34693.0	9.146	0.091	0.000	0.000	33.243	0.337	100.000	1.000	98.500	0.284	10.310	0.231	3.262	0.057	0.373
p_39494.0	7.465	0.075	0.000	0.000	33.043	0.335	100.000	1.000	123.000	0.354	16.850	0.378	3.262	0.057	0.372
p_581.0	10.335	0.103	0.000	0.000	33.078	0.335	99.704	0.997	84.000	0.242	9.710	0.217	3.262	0.057	0.371
p_32954.0	3.789	0.038	0.043	0.044	32.885	0.334	99.691	0.997	108.000	0.311	5.690	0.127	3.007	0.053	0.370
p_223.0	9.348	0.093	0.000	0.000	32.776	0.332	99.997	1.000	101.000	0.291	10.070	0.225	3.262	0.057	0.369
p_33575.0	4.966	0.050	0.000	0.000	32.527	0.330	99.774	0.998	122.000	0.352	8.400	0.188	3.007	0.053	0.367
p_32489.0	4.015	0.040	0.000	0.000	32.568	0.330	99.703	0.997	111.000	0.320	6.030	0.135	3.007	0.053	0.367
p_35113.0	4.460	0.045	0.000	0.000	32.506	0.330	99.722	0.997	120.500	0.347	7.020	0.157	3.007	0.053	0.367
p_35760.0	7.875	0.079	0.082	0.081	32.355	0.328	100.000	1.000	120.000	0.346	15.960	0.358	3.262	0.057	0.366
p_32514.0



PAINTED CAVE AREA
p_58872	39.730	0.197	0.918	0.918	23.461	0.238	89.663	0.897	0.000	0.000	23.540	0.528	6.051	0.894	0.885
p_58870	21.734	0.323	0.659	0.659	27.938	0.283	87.404	0.874	8.000	0.023	20.230	0.453	8.159	0.857	0.862
p_57989.0	20.528	0.205	0.612	0.611	29.799	0.302	87.078	0.871	4.000	0.012	20.750	0.465	8.370	0.147	0.854
p_57933	18.654	0.355	0.463	0.464	31.377	0.318	82.960	0.830	2.000	0.006	11.720	0.262	8.371	0.853	0.817
p_57988.0	18.011	0.180	0.404	0.403	29.246	0.297	82.982	0.830	11.000	0.032	23.450	0.526	3.512	0.062	0.814
p_57872	19.886	0.341	0.153	0.152	26.656	0.270	80.385	0.804	21.000	0.061	15.780	0.354	8.401	0.853	0.792
p_57941.0	17.956	0.180	0.502	0.501	26.757	0.271	80.296	0.803	28.333	0.082	14.850	0.333	7.950	0.140	0.786
p_57889.0	17.438	0.174	0.169	0.168	27.322	0.277	79.470	0.795	30.000	0.086	17.090	0.383	8.401	0.147	0.779
p_57888.0	17.503	0.175	0.090	0.089	26.157	0.265	78.030	0.780	41.000	0.118	10.000	0.224	8.401	0.147	0.762
p_57999	48.108	0.156	0.882	0.882	21.744	0.221	76.983	0.770	0.000	0.000	24.560	0.551	7.104	0.875	0.762
p_57979.0	27.204	0.272	0.800	0.799	24.483	0.248	77.432	0.774	3.000	0.009	19.910	0.446	7.019	0.123	0.760
p_58849	17.412	0.369	0.627	0.629	25.965	0.263	76.923	0.769	33.000	0.095	14.290	0.320	8.401	0.853	0.759
p_57878.0	17.446	0.174	0.153	0.152	27.201	0.276	77.513	0.775	29.000	0.084	13.350	0.299	8.401	0.147	0.759
p_57916.0	21.100	0.211	0.482	0.484	26.016	0.264	76.752	0.768	15.500	0.045	16.820	0.377	8.401	0.147	0.753
p_57877.0	17.605	0.176	0.098	0.099	25.780	0.261	76.642	0.766	42.000	0.121	13.050	0.292	8.401	0.147	0.750
p_57940.0	18.854	0.189	0.000	0.000	26.097	0.265	76.002	0.760	25.000	0.072	13.280	0.297	8.401	0.147	0.744
p_57876.0	17.381	0.174	0.169	0.170	25.359	0.257	75.992	0.760	43.000	0.124	9.680	0.217	8.401	0.147	0.743
p_57805.0	17.584	0.176	0.125	0.126	24.990	0.253	75.874	0.759	44.000	0.127	7.390	0.165	8.401	0.147	0.741
p_57829	17.792	0.364	0.000	0.000	25.474	0.258	75.054	0.751	44.000	0.127	11.200	0.251	8.401	0.853	0.739
p_58844.0	17.645	0.176	0.114	0.113	27.026	0.274	75.552	0.756	32.000	0.092	8.900	0.199	8.401	0.147	0.738
p_58028.0	17.144	0.171	0.773	0.773	33.592	0.341	74.890	0.749	0.000	0.000	21.640	0.485	8.745	0.154	0.737
p_57830.0	17.719	0.177	0.129	0.130	24.449	0.248	74.702	0.747	50.000	0.144	15.500	0.347	8.401	0.147	0.732
p_57963.0	17.355	0.174	0.459	0.458	28.114	0.285	74.685	0.747	24.000	0.069	13.930	0.312	8.401	0.147	0.732
p_57906.0	17.593	0.176	0.063	0.064	24.701	0.251	74.432	0.744	47.000	0.135	11.160	0.250	8.401	0.147	0.728
p_58843.0	17.648	0.176	0.000	0.000	25.974	0.263	74.447	0.744	38.000	0.110	9.010	0.202	8.401	0.147	0.727
p_57907.0	17.984	0.180	0.286	0.287	26.614	0.270	73.489	0.735	32.000	0.092	6.660	0.149	8.401	0.147	0.718
p_57905.0	17.389	0.174	0.067	0.065	24.666	0.250	73.364	0.734	40.000	0.115	7.060	0.158	8.401	0.147	0.716
p_57853.0	17.480	0.175	0.337	0.336	27.830	0.282	73.171	0.732	23.000	0.066	11.970	0.268	8.401	0.147	0.716
p_57852.0	17.721	0.177	0.063	0.064	24.362	0.247	73.095	0.731	45.000	0.130	9.900	0.222	8.401	0.147	0.714
p_57893.0	18.173	0.182	0.043	0.043	24.710	0.251	72.857	0.729	43.000	0.124	14.590	0.327	8.401	0.147	0.714
p_57920.0	17.990	0.180	0.176	0.175	23.821	0.242	72.584	0.726	49.000	0.141	18.300	0.410	8.401	0.147	0.712
p_57964.0	17.811	0.178	0.173	0.174	26.907	0.273	72.587	0.726	28.000	0.081	7.540	0.169	8.401	0.147	0.709
p_57967.0	17.889	0.179	0.239	0.241	23.978	0.243	72.043	0.720	46.000	0.133	14.180	0.318	8.401	0.147	0.706
p_57802.0	17.289	0.173	0.000	0.000	25.033	0.254	72.125	0.721	37.000	0.107	5.130	0.114	8.401	0.147	0.704
p_58845.0	17.745	0.177	0.086	0.086	23.568	0.239	71.590	0.716	45.000	0.130	17.290	0.387	8.401	0.147	0.702
p_57827.0	18.047	0.180	0.024	0.025	24.707	0.251	71.563	0.716	27.000	0.078	9.000	0.201	8.401	0.147	0.699
p_57966.0	17.992	0.180	0.200	0.198	25.073	0.254	71.474	0.715	34.000	0.098	7.160	0.160	8.401	0.147	0.698
p_57875	18.644	0.355	0.357	0.356	24.430	0.248	70.855	0.709	25.000	0.072	7.950	0.178	8.401	0.853	0.698
p_57896.0	17.754	0.178	0.165	0.164	27.848	0.282	71.346	0.713	19.000	0.055	9.740	0.218	8.401	0.147	0.698
p_57826.0	17.279	0.173	0.000	0.000	25.052	0.254	71.477	0.715	30.000	0.086	5.610	0.125	8.401	0.147	0.698
p_57898	18.475	0.357	0.341	0.343	26.628	0.270	70.468	0.705	25.000	0.072	12.810	0.287	8.401	0.853	0.696
p_57900.0	18.535	0.185	0.318	0.317	24.391	0.247	70.610	0.706	43.000	0.124	17.440	0.391	8.401	0.147	0.693
p_57919.0	18.215	0.182	0.490	0.491	28.259	0.287	70.100	0.701	16.000	0.046	27.870	0.625	8.401	0.147	0.691
p_57917	19.218	0.349	0.212	0.213	24.153	0.245	70.152	0.702	20.000	0.058	8.150	0.182	8.401	0.853	0.691
p_57897.0	17.685	0.177	0.004	0.004	23.774	0.241	70.616	0.706	42.000	0.121	10.920	0.244	8.401	0.147	0.691
p_57828.0	17.424	0.174	0.000	0.000	24.598	0.249	70.640	0.706	27.000	0.078	5.420	0.121	8.401	0.147	0.689
p_57891.0	18.198	0.182	0.518	0.519	25.738	0.261	70.123	0.701	30.000	0.086	9.860	0.221	8.401	0.147	0.686
p_57873.0	17.311	0.173	0.000	0.000	24.657	0.250	70.274	0.703	37.000	0.107	4.430	0.099	8.401	0.147	0.686
p_57909.0	17.987	0.180	0.067	0.066	23.191	0.235	70.082	0.701	44.000	0.127	8.000	0.179	8.401	0.147	0.685
p_57892.0	18.401	0.184	0.553	



